ImNum:1596185503390
ImReadFlag:1
ComponentExFlag:1,1,0
TarBoxPts:286,104,1090,876
AimBoxXcnt:477,899,870,449,477
AimBoxYcnt:309,308,736,736,309
TargetBoxStatus:0,0,0,0,0,0
AimBoxStatus:0,0,0,0,0,0
ImgSatisfiedFlag:1
ContourExFlag:1
Diameter:28.7
ContourPointX:693,692,657,656,602,601,577,576,572,571,567,566,563,562,559,558,555,554,553,552,551,539,538,536,535,534,533,532,531,530,529,528,526,525,522,521,515,514,509,508,504,503,499,498,495,493,492,486,486,484,484,477,476,474,473,471,470,469,468,467,466,465,464,462,461,456,456,454,454,453,453,452,452,448,448,446,445,441,440,439,438,436,435,427,427,426,426,425,425,424,424,423,423,421,421,420,420,417,417,404,404,398,398,393,393,390,390,387,387,379,378,374,374,371,371,369,369,368,368,367,367,366,366,365,365,364,364,363,363,360,360,356,355,352,351,349,348,342,342,340,340,339,339,338,338,337,337,336,336,335,335,334,334,333,333,332,332,331,331,316,316,314,314,313,313,312,312,311,311,310,310,309,309,308,308,309,309,310,310,311,311,312,312,313,313,315,315,317,317,324,325,327,327,330,330,331,331,332,332,333,333,334,334,335,335,336,336,337,337,338,338,339,339,340,340,341,341,342,342,348,349,351,352,355,356,360,360,363,363,364,364,365,365,366,366,367,367,369,369,376,377,379,380,381,382,385,386,390,390,393,393,394,394,401,402,404,405,406,407,408,409,410,411,413,414,421,421,423,423,424,424,432,433,435,436,437,438,439,440,441,442,451,451,453,453,454,454,462,463,464,465,466,467,468,469,470,471,473,474,482,482,483,483,486,486,489,490,493,494,495,503,504,516,517,526,527,533,534,538,539,543,544,547,548,551,552,555,556,558,559,562,563,564,565,567,568,570,571,572,573,574,575,576,577,579,580,611,612,614,615,618,619,621,622,625,626,629,630,633,634,638,639,641,642,645,646,649,650,653,654,658,659,664,665,672,673,685,686,828,829,846,847,852,853,858,859,862,863,867,868,869,870,871,877,877,885,886,888,889,890,891,892,893,894,896,897,898,899,900,901,902,910,910,912,912,913,913,921,922,924,925,926,927,928,929,930,931,939,939,941,941,942,942,945,945,947,948,951,952,954,955,956,957,958,959,967,967,969,969,970,970,971,971,980,981,983,984,985,986,988,989,995,995,996,996,997,997,998,998,999,999,1000,1000,1001,1001,1002,1002,1003,1003,1004,1004,1006,1006,1012,1013,1018,1018,1021,1021,1022,1022,1023,1023,1024,1024,1025,1025,1026,1026,1027,1027,1028,1028,1029,1029,1030,1030,1032,1032,1038,1039,1041,1042,1045,1046,1050,1050,1052,1052,1054,1054,1055,1055,1056,1056,1057,1057,1058,1058,1060,1060,1070,1071,1078,1078,1079,1079,1080,1080,1081,1081,1082,1082,1083,1083,1084,1084,1083,1083,1082,1082,1081,1081,1080,1080,1079,1079,1078,1078,1077,1077,1076,1076,1075,1075,1074,1074,1071,1071,1070,1068,1068,1064,1064,1062,1062,1061,1061,1060,1060,1059,1059,1058,1058,1057,1057,1056,1056,1055,1055,1054,1054,1053,1053,1052,1052,1051,1051,1050,1050,1049,1049,1041,1040,1034,1034,1031,1031,1030,1030,1029,1029,1028,1028,1027,1027,1026,1026,1024,1024,1022,1022,1019,1018,1015,1014,1013,1012,1010,1009,1006,1005,1004,1004,1000,1000,999,999,997,997,994,994,993,992,988,987,986,985,984,983,981,980,972,972,970,970,962,961,959,958,957,955,954,952,951,949,948,946,945,944,943,942,941,940,939,938,936,935,927,926,924,923,922,921,920,919,918,917,916,914,913,911,910,908,907,904,903,900,899,896,895,893,892,890,889,888,887,886,885,884,883,882,880,879,869,868,867,866,865,864,863,861,860,858,857,855,854,852,851,848,847,844,843,839,838,833,832,828,827,824,823,821,820,817,816,814,813,812,811,810,798,797,795,794,793,792,791,790,789,788,787,785,784,769,768,735,734,701,700,693
ContourPointY:135,136,136,137,137,138,138,139,139,140,140,141,141,142,142,143,143,144,144,145,145,157,157,159,159,160,160,161,161,162,162,163,163,164,164,165,165,166,166,167,167,168,168,169,169,171,171,177,178,180,181,188,188,190,190,192,192,193,193,194,194,195,195,197,197,202,203,205,206,207,208,209,210,214,215,217,217,221,221,222,222,224,224,232,233,234,236,237,238,239,240,241,242,244,245,246,247,250,251,264,265,271,272,277,278,281,282,285,286,294,294,298,299,302,303,305,306,307,308,309,310,311,312,313,314,315,316,317,318,321,322,326,326,329,329,331,331,337,338,340,341,342,345,346,350,351,354,355,358,359,362,363,366,367,369,370,371,372,373,388,389,391,392,393,394,395,396,397,407,408,421,422,558,559,563,564,611,612,618,619,620,621,623,624,625,627,628,630,631,638,638,640,641,644,645,646,648,649,651,652,654,655,658,659,662,663,666,667,672,673,681,682,689,690,696,697,699,700,701,707,707,709,709,712,712,716,717,720,721,722,723,724,725,726,727,728,729,731,732,739,739,741,741,742,742,745,745,749,750,753,754,755,756,763,763,765,765,766,766,767,767,768,768,770,770,777,778,780,781,782,783,791,791,793,793,794,794,795,795,796,796,805,806,808,809,810,811,819,819,820,820,821,821,822,822,823,823,825,825,833,834,835,836,839,840,843,843,846,846,847,847,848,848,849,849,850,850,851,851,852,852,853,853,854,854,855,855,856,856,857,857,858,858,859,859,860,860,861,861,862,862,863,863,864,864,865,865,864,864,863,863,862,862,861,861,860,860,859,859,858,858,857,857,856,856,855,855,854,854,853,853,852,852,851,851,850,850,849,849,848,848,847,847,846,846,845,845,844,844,843,843,842,842,836,835,827,827,825,825,824,824,823,823,822,822,821,821,820,820,819,819,811,810,808,807,806,805,797,797,795,795,794,794,793,793,792,792,784,783,781,780,779,778,775,774,772,772,769,769,767,767,766,766,765,765,757,756,754,753,752,751,750,749,740,740,738,738,737,737,735,735,729,728,727,726,725,721,720,716,715,712,711,708,707,704,703,700,699,698,697,696,694,693,687,687,682,681,678,677,676,675,674,673,672,670,669,665,664,661,660,656,655,652,651,648,647,644,642,641,635,635,633,633,630,630,626,625,623,622,620,619,618,617,616,614,613,612,611,610,608,607,597,597,590,589,588,585,584,580,579,575,574,569,568,562,561,502,501,483,482,476,475,472,471,469,468,465,464,462,461,460,459,457,456,455,454,453,450,449,449,447,446,442,441,439,438,437,436,435,434,433,431,430,429,428,426,425,403,402,368,367,362,361,357,356,352,351,348,347,344,343,342,334,334,328,327,324,323,322,321,320,319,318,317,316,294,293,286,284,283,281,280,277,277,274,274,273,273,271,271,268,268,267,266,262,261,260,259,257,256,253,252,251,251,247,247,246,246,245,245,243,243,235,234,232,231,223,223,221,221,220,220,219,219,218,218,217,217,216,216,215,215,214,214,213,213,211,211,203,203,201,201,200,200,199,199,198,198,197,197,196,196,195,195,194,194,193,193,192,192,191,191,190,190,189,189,188,188,187,187,186,186,184,184,174,174,173,173,172,172,171,171,170,170,169,169,168,168,167,167,166,166,165,165,164,164,163,163,162,162,161,161,160,160,159,159,158,158,157,157,145,145,143,143,142,142,141,141,140,140,139,139,138,138,137,137,136,136,135,135
LongDiameter:30.11
SlopeAngle:1.3
SensorDist:518.25
